../assets/waterfall.wav
1.1000000000 1.4400000000
1.1000000000 1.4400000000
../assets/rooster.wav
-1.3400000000 -0.7500000000
-1.7200000000 -0.6300000000
-1.9300000000 -0.7100000000
-1.9400000000 -0.8900000000
-1.8600000000 -1.0000000000
-1.7000000000 -1.0700000000
-1.4800000000 -1.0400000000
-1.3500000000 -0.9300000000
-1.2600000000 -0.8200000000
-1.3400000000 -0.7500000000
../assets/car.wav
2.1900000000 -0.6400000000
1.8000000000 -0.6400000000
1.4500000000 -0.6400000000
1.1600000000 -0.5700000000
0.7300000000 -0.6000000000
0.5500000000 -0.5600000000
0.2900000000 -0.5800000000
0.0300000000 -0.5800000000
-0.1900000000 -0.5700000000
-0.3900000000 -0.5600000000
-0.7400000000 -0.5300000000
-0.9800000000 -0.5100000000
-1.3800000000 -0.5100000000
-1.5700000000 -0.5400000000
-1.9300000000 -0.5600000000
-2.1900000000 -0.4600000000
-2.3500000000 -0.4200000000
